Relation 1
1 0 0 0 0 0 0 0
0 1 0 0 0 0 0 0
0 0 1 0 0 0 0 0 
0 0 0 1 0 0 0 0
0 0 0 0 1 0 0 0 
0 0 0 0 0 1 0 0
0 0 0 0 0 0 1 0
0 0 0 0 0 0 0 1



Relation 2
1 0 0 1 0 0 0 1
0 1 0 0 0 1 0 0
0 0 1 0 0 0 0 0 
0 0 0 0 0 0 0 1
0 0 0 0 1 0 1 0
0 0 0 0 0 1 0 0
0 0 0 0 0 0 1 0
0 0 0 0 0 0 0 0



Relation 3
1 0 0 0 0 1 0 0 
0 1 0 1 0 0 0 1
0 0 1 0 1 0 0 0
0 1 0 1 0 0 0 1
0 0 1 0 1 0 0 0 
1 0 0 0 0 1 0 0 
0 0 1 0 1 0 0 0
0 1 0 1 0 0 0 1



Relation 4
1 1 0 1 0 1 0 0
1 1 0 1 0 1 0 0
0 0 1 0 0 0 1 0
1 1 0 1 0 1 0 0
0 0 1 0 1 0 0 0
1 1 0 1 0 1 0 0
0 0 0 0 0 0 1 0
0 0 0 0 0 0 0 1


Relation 5
1 1 1 0 0 1 1 0
1 1 1 0 0 1 1 0
1 1 1 0 0 1 1 0
0 0 0 1 0 0 0 1
0 0 0 0 0 0 0 1
1 1 1 0 0 1 1 0
1 1 1 0 0 1 1 0
0 0 0 1 1 0 0 1



Relation 6
1 0 0 0 0 1 0 0 
0 1 1 1 0 0 1 1
0 1 1 1 0 0 1 1
0 1 1 1 0 0 1 1 
0 0 0 0 1 0 0 0
1 0 0 0 0 1 0 0 
0 1 1 1 0 0 1 1 
0 1 1 1 0 0 1 1


